6 1 37 1
37 1 41 1
41 1 45 1
4 3 6 3
6 5 13 5
13 5 21 5
21 5 29 5
4 10 6 10
6 10 13 10
13 10 21 10
21 10 29 10
29 10 37 10
37 10 45 10
13 14 17 14
17 14 21 14
21 14 33 14
6 19 13 19
13 19 21 19
21 19 29 19
29 19 37 19
37 19 41 19
41 19 45 19
45 19 46 19
46 19 49 19
4 21 6 21
21 22 29 22
29 22 37 22
4 24 6 24
6 24 13 24
13 24 21 24
37 24 46 24
4 29 6 29
6 29 10 29
10 29 13 29
13 29 17 29
17 29 21 29
21 29 29 29
29 29 37 29
37 29 46 29
46 29 49 29
21 34 32 34
37 31 44 31
37 34 40 34
4 38 6 38
6 38 10 38
10 38 13 38
13 28 17 38
17 38 21 38
21 39 31 39
31 39 32 39
32 39 37 39
37 39 40 39
40 39 46 39
46 39 51 39
6 42 10 42
10 42 13 42
13 42 17 42
6 45 13 45
13 45 21 45
4 47 6 47
13 47 17 47
17 47 21 47
6 49 9 49
9 49 10 49
10 49 13 49
13 49 17 49
17 49 21 49
12 51 13 51
4 53 11 53
11 53 15 53
13 56 21 56
21 56 25 56
35 40 37 40
35 42 37 42
37 42 40 42
21 45 25 45
25 45 27 45
27 45 28 45
28 45 31 45
31 45 35 45
35 45 37 45
28 48 29 48
21 51 25 51
25 51 37 51
32 54 37 54
37 42 40 42
46 43 48 43
37 51 40 51
40 51 44 51
44 51 51 51
4 27 4 29
6 1 6 3
6 3 6 5
6 5 6 10
6 10 6 19
6 19 6 21
6 21 6 24
6 24 6 29
6 29 6 38
6 38 6 42
6 42 6 45
6 45 6 47
6 47 6 49
13 5 13 10
13 10 13 14
13 14 13 19
13 19 13 24
13 29 13 38
10 29 10 31
10 36 10 38
17 29 17 31
17 36 17 38
13 38 13 42
13 42 13 45
10 42 10 43
17 42 17 43
13 45 13 47
13 47 13 49
9 47 9 49
13 49 13 51
13 51 13 53
13 53 13 56
10 49 10 51
17 49 17 53
11 53 11 55
21 1 21 5
21 5 21 10
21 10 21 14
21 14 21 19
21 19 21 22
21 22 21 24
21 24 21 29
21 29 21 34
21 34 21 38
21 38 21 39
21 39 21 42
21 42 21 45
21 45 21 47
21 47 21 49
21 49 21 51
21 51 21 56
29 5 29 10
29 19 29 22
29 26 29 29
32 37 32 39
31 39 31 40
27 43 27 45
31 43 31 45
35 43 35 45
25 45 25 48
28 45 28 48
31 45 31 46
25 51 25 53
37 1 37 10
37 10 37 19
37 19 37 22
37 22 37 24
37 24 37 29
37 29 37 31
37 31 37 34
37 34 37 39
37 39 37 40
37 40 37 42
37 42 37 45
37 45 37 51
37 51 37 54
41 1 41 5
41 14 41 19
45 1 45 10
45 10 45 19
49 10 49 19
46 19 46 24
46 24 46 29
49 24 49 29
46 29 46 39
49 29 49 34
40 39 40 42
46 39 46 43
51 39 51 51
40 47 40 51
44 51 44 54
