20
数据结构1  4 1  8 2 0 学一 101 1
数据结构2  4 1 10 2 0 图书馆 102 1
数据结构3  4 1 13 2 0 打印店 103 1
数据结构4  4 2 10 2 0 学五 201 1
数据结构5  4 2 13 1 0 学三 202 1
数据结构6  4 2 15 2 0 教一 203 1
数据结构10 4 4  8 2 0 教九 401 1
数据结构11 4 4 10 2 0 学十一 402 1
数据结构12 4 4 13 2 0 物美 403 1
数据结构13 4 4 16 2 0 主楼 404 1
数据结构9  4 3 13 2 0 学九 301 1
数据结构14 4 5  9 2 0 学八 501 1
数据结构7  4 3  8 2 0 校医院 302 1
数据结构8  4 3 10 2 0 学四 303 1
数据结构15 4 5 11 2 1 www.shujujiegou.com 0 0
数据结构16 4 5 13 2 1 www.shujujiegou.com 0 0
数据结构17 4 6 15 2 0 体育馆 601 1
数据结构18 4 6  8 2 0 毛主席像 602 0
数据结构19 4 6 10 2 0 澡堂 603 0
数据结构20 4 6 13 2 0 学活 604 0
