5 0 36 0
36 0 40 0
40 0 44 0
3 2 5 2
5 4 12 4
12 4 20 4
20 4 28 4
3 9 5 9
5 9 12 9
12 9 20 9
20 9 28 9
28 9 36 9
36 9 44 9
12 13 16 13
16 13 20 13
20 13 32 13
5 18 12 18
12 18 20 18
20 18 28 18
28 18 36 18
36 18 40 18
40 18 44 18
44 18 45 18
45 18 48 18
3 20 5 20
20 21 28 21
28 21 36 21
3 23 5 23
5 23 12 23
12 23 20 23
36 23 45 23
3 28 5 28
5 28 9 28
9 28 12 28
12 28 16 28
16 28 20 28
20 28 28 28
28 28 36 28
36 28 45 28
45 28 48 28
20 33 31 33
36 30 43 30
36 33 39 33
3 37 5 37
5 37 9 37
9 37 12 37
12 27 16 37
16 37 20 37
20 38 30 38
30 38 31 38
31 38 36 38
36 38 39 38
39 38 45 38
45 38 50 38
5 41 9 41
9 41 12 41
12 41 16 41
5 44 12 44
12 44 20 44
3 46 5 46
12 46 16 46
16 46 20 46
5 48 8 48
8 48 9 48
9 48 12 48
12 48 16 48
16 48 20 48
11 50 12 50
3 52 10 52
10 52 14 52
12 55 20 55
20 55 24 55
34 39 36 39
34 41 36 41
36 41 39 41
20 44 24 44
24 44 26 44
26 44 27 44
27 44 30 44
30 44 34 44
34 44 36 44
27 47 28 47
20 50 24 50
24 50 36 50
31 53 36 53
36 41 39 41
45 42 47 42
36 50 39 50
39 50 43 50
43 50 50 50
3 26 3 28
5 0 5 2
5 2 5 4
5 4 5 9
5 9 5 18
5 18 5 20
5 20 5 23
5 23 5 28
5 28 5 37
5 37 5 41
5 41 5 44
5 44 5 46
5 46 5 48
12 4 12 9
12 9 12 13
12 13 12 18
12 18 12 23
12 28 12 37
9 28 9 30
9 35 9 37
16 28 16 30
16 35 16 37
12 37 12 41
12 41 12 44
9 41 9 42
16 41 16 42
12 44 12 46
12 46 12 48
8 46 8 48
12 48 12 50
12 50 12 52
12 52 12 55
9 48 9 50
16 48 16 52
10 52 10 54
20 0 20 4
20 4 20 9
20 9 20 13
20 13 20 18
20 18 20 21
20 21 20 23
20 23 20 28
20 28 20 33
20 33 20 37
20 37 20 38
20 38 20 41
20 41 20 44
20 44 20 46
20 46 20 48
20 48 20 50
20 50 20 55
28 4 28 9
28 18 28 21
28 25 28 28
31 36 31 38
30 38 30 39
26 42 26 44
30 42 30 44
34 42 34 44
24 44 24 47
27 44 27 47
30 44 30 45
24 50 24 52
36 0 36 9
36 9 36 18
36 18 36 21
36 21 36 23
36 23 36 28
36 28 36 30
36 30 36 33
36 33 36 38
36 38 36 39
36 39 36 41
36 41 36 44
36 44 36 50
36 50 36 53
40 0 40 4
40 13 40 18
44 0 44 9
44 9 44 18
48 9 48 18
45 18 45 23
45 23 45 28
48 23 48 28
45 28 45 38
48 28 48 33
39 38 39 41
45 38 45 42
50 38 50 50
39 46 39 50
43 50 43 53
