21
吃饭1 2 1 12 1 0 风味餐厅 101 2
吃饭2 2 1 20 1 0 综合食堂 201 2
洗澡1 2 1 21 1 0 澡堂 201 2
吃饭3 2 2 12 1 0 风味餐厅 101 2
吃饭4 2 2 20 1 0 综合食堂 201 2
洗澡2 2 2 21 1 0 澡堂 201 2
吃饭5 2 3 12 1 0 风味餐厅 101 2
吃饭6 2 3 20 1 0 综合食堂 201 2
洗澡3 2 3 21 1 0 澡堂 201 2
吃饭7 2 4 12 1 0 风味餐厅 101 2
吃饭8 2 4 20 1 0 综合食堂 201 2
洗澡4 2 4 21 1 0 澡堂 201 2
吃饭9 2 5 12 1 0 风味餐厅 101 2
吃饭10 2 5 20 1 0 综合食堂 201 2
洗澡5 2 5 21 1 0 澡堂 201 2
吃饭11 2 6 12 1 0 风味餐厅 101 2
吃饭12 2 6 20 1 0 综合食堂 201 2
洗澡6 2 6 21 1 0 澡堂 201 2
吃饭13 2 7 12 1 0 风味餐厅 101 2
吃饭14 2 7 20 1 0 综合食堂 201 2
洗澡7 2 7 21 1 0 澡堂 201 2
